0 ; 0
0.427053 ; 0.354911
0.425014 ; 0.350091
0.421414 ; 0.350666
0.416622 ; 0.350994
0.412551 ; 0.349259
0.408963 ; 0.348274
0.405394 ; 0.346285
0.399024 ; 0.342058
0.395803 ; 0.33779
0.390788 ; 0.332317
0.387759 ; 0.327827
0.383156 ; 0.321825
0.379703 ; 0.315888
0.377035 ; 0.311143
0.373416 ; 0.303354
0.370364 ; 0.300338
0.365968 ; 0.295382
0.363186 ; 0.28902
0.360553 ; 0.282512
0.35853 ; 0.277162
0.355117 ; 0.270354
0.353202 ; 0.264914
0.350235 ; 0.257075
0.348372 ; 0.251647
0.345531 ; 0.246305
0.34254 ; 0.239165
0.340899 ; 0.23143
0.338303 ; 0.226344
0.336385 ; 0.219575
0.335067 ; 0.213665
0.333184 ; 0.207029
0.330704 ; 0.199808
0.328698 ; 0.19382
0.32754 ; 0.187969
0.325895 ; 0.181387
0.324211 ; 0.175085
0.32237 ; 0.167357
0.321079 ; 0.162594
0.319944 ; 0.155596
0.318971 ; 0.150277
0.317262 ; 0.143232
0.315727 ; 0.135898
0.314528 ; 0.129836
0.313669 ; 0.124849
0.312278 ; 0.118131
0.311552 ; 0.111408
0.310852 ; 0.106533
0.310175 ; 0.101693
0.309008 ; 0.0951319
0.308062 ; 0.0898256
0.307369 ; 0.0819197
0.306954 ; 0.0765939
0.306308 ; 0.0706172
0.305731 ; 0.0644107
0.304881 ; 0.0581498
0.304284 ; 0.052681
0.30402 ; 0.0489554
0.303452 ; 0.0403419
0.302936 ; 0.035625
0.302545 ; 0.032001
0.302061 ; 0.0261235
0.301749 ; 0.0206499
0.301496 ; 0.01652
0.301108 ; 0.0104103
0.3009 ; 0.00776911
0.300511 ; 0.00165033
0.300183 ; -0.00462246
0.299781 ; -0.0120335
0.29947 ; -0.0180693
0.299113 ; -0.0249543
0.298881 ; -0.0292006
0.298397 ; -0.0383458
0.298069 ; -0.0446129
0.297905 ; -0.04986
0.297586 ; -0.0560288
0.297373 ; -0.0597858
0.297146 ; -0.0662665
0.29697 ; -0.0715909
0.296733 ; -0.0771689
0.296653 ; -0.0822196
0.296621 ; -0.0862699
0.296621 ; -0.0923486
0.296293 ; -0.0994902
0.296063 ; -0.104243
0.296197 ; -0.109859
0.295931 ; -0.115367
0.295515 ; -0.120183
0.295448 ; -0.125844
0.295478 ; -0.128471
0.295438 ; -0.132922
0.295538 ; -0.138474
0.295487 ; -0.142653
0.295388 ; -0.146169
0.295447 ; -0.149437
0.29559 ; -0.157135
0.295322 ; -0.160361
0.295532 ; -0.163599
0.295889 ; -0.167418
0.296038 ; -0.172276
0.296314 ; -0.175864
0.29624 ; -0.179203
0.296452 ; -0.182893
0.296627 ; -0.186663
0.296412 ; -0.190293
0.29576 ; -0.197124
0.296182 ; -0.199876
0.29688 ; -0.204008
0.297119 ; -0.207914
0.296553 ; -0.212931
0.296533 ; -0.216362
0.296506 ; -0.221539
0.296686 ; -0.22558
0.296298 ; -0.229469
0.296092 ; -0.234764
0.296457 ; -0.238508
0.296156 ; -0.243141
0.29646 ; -0.24707
0.296041 ; -0.250921
0.296144 ; -0.255657
0.29689 ; -0.258707
0.29714 ; -0.260664
0.297396 ; -0.265232
0.297052 ; -0.268709
0.296903 ; -0.27116
0.296443 ; -0.274265
0.296637 ; -0.27681
0.296119 ; -0.279501
0.295807 ; -0.281097
0.29594 ; -0.283524
0.295797 ; -0.286407
0.295134 ; -0.289442
0.294538 ; -0.292388
0.294665 ; -0.29455
0.295259 ; -0.296249
0.294971 ; -0.298834
0.29409 ; -0.302062
0.29439 ; -0.304266
0.295101 ; -0.305639
0.294568 ; -0.308828
0.294556 ; -0.311567
0.295087 ; -0.316103
0.295168 ; -0.317728
0.295461 ; -0.319683
0.295247 ; -0.324011
0.29546 ; -0.32477
0.294847 ; -0.328007
0.295137 ; -0.329374
0.296859 ; -0.333412
0.297225 ; -0.334351
0.297293 ; -0.336025
0.297116 ; -0.338329
0.296507 ; -0.340851
0.295993 ; -0.342751
0.296739 ; -0.344265
0.297968 ; -0.345482
0.297586 ; -0.346622
0.297179 ; -0.349911
0.297963 ; -0.351482
0.298351 ; -0.352505
0.297316 ; -0.357044
0.296534 ; -0.359459
0.297012 ; -0.360352
0.298271 ; -0.361645
0.297963 ; -0.363823
0.297525 ; -0.365036
0.29767 ; -0.366653
0.298168 ; -0.367092
0.298392 ; -0.367615
0.29811 ; -0.368767
0.298983 ; -0.368805
0.300266 ; -0.368408
0.300769 ; -0.368378
0.300088 ; -0.369263
0.299826 ; -0.369629
0.300037 ; -0.369629
0.299591 ; -0.370026
0.300178 ; -0.369629
0.300777 ; -0.369339
0.301569 ; -0.368919
0.301176 ; -0.369476
0.301524 ; -0.369614
0.3017 ; -0.369957
0.301629 ; -0.370598
0.301348 ; -0.37146
0.301352 ; -0.372002
0.301241 ; -0.372849
0.301524 ; -0.373199
0.301018 ; -0.374023
0.300917 ; -0.374596
0.301917 ; -0.373993
0.301885 ; -0.374088
0.301144 ; -0.374695
0.300498 ; -0.375305
0.300585 ; -0.37532
0.300687 ; -0.375366
0.30041 ; -0.375702
0.300668 ; -0.375427
0.300266 ; -0.375488
0.300089 ; -0.375244
0.300543 ; -0.374008
0.300486 ; -0.373627
0.299818 ; -0.373047
0.300291 ; -0.372162
0.301391 ; -0.370621
0.302536 ; -0.368923
0.302716 ; -0.368336
0.302978 ; -0.367558
0.302616 ; -0.36747
0.30241 ; -0.366898
0.302706 ; -0.366211
0.30322 ; -0.364918
0.302764 ; -0.364601
0.303783 ; -0.363329
0.304274 ; -0.362719
0.304837 ; -0.362236
0.306168 ; -0.3613
0.306745 ; -0.361021
0.306648 ; -0.361471
0.307246 ; -0.361167
0.307778 ; -0.360909
0.308653 ; -0.36025
0.308437 ; -0.360541
0.308562 ; -0.360559
0.307757 ; -0.361435
0.307975 ; -0.361236
0.307221 ; -0.36199
0.307598 ; -0.361787
0.307473 ; -0.362333
0.306792 ; -0.363413
0.306314 ; -0.364267
0.305887 ; -0.364895
0.305698 ; -0.365067
0.305493 ; -0.365112
0.306208 ; -0.364193
0.306003 ; -0.364124
0.305578 ; -0.364183
0.305024 ; -0.364378
0.305379 ; -0.363749
0.304746 ; -0.363977
0.305148 ; -0.363111
0.304737 ; -0.363199
0.305133 ; -0.362049
0.304722 ; -0.361992
0.305547 ; -0.360638
0.305893 ; -0.360035
0.305803 ; -0.359608
0.305543 ; -0.359575
0.305546 ; -0.359482
0.30517 ; -0.359898
0.305537 ; -0.359936
0.306035 ; -0.359812
0.305954 ; -0.360237
0.306137 ; -0.360603
0.306225 ; -0.360899
0.306919 ; -0.360489
0.30771 ; -0.359877
0.307989 ; -0.359671
0.308002 ; -0.359674
0.308833 ; -0.358848
0.309232 ; -0.358489
0.309534 ; -0.358385
0.309879 ; -0.358376
0.310794 ; -0.358414
0.311053 ; -0.358624
0.310783 ; -0.359824
0.310282 ; -0.361202
0.309703 ; -0.362648
0.310013 ; -0.363709
0.310865 ; -0.364459
0.311797 ; -0.365568
0.312341 ; -0.366758
0.312144 ; -0.368767
0.31244 ; -0.369952
0.312497 ; -0.372178
0.31203 ; -0.374496
0.312666 ; -0.37528
0.312505 ; -0.377298
0.313045 ; -0.37765
0.313068 ; -0.379016
0.313552 ; -0.380055
0.312888 ; -0.381902
0.313516 ; -0.381893
0.313481 ; -0.382608
0.314279 ; -0.382227
0.31377 ; -0.383078
0.313841 ; -0.383329
0.314359 ; -0.38302
0.313972 ; -0.383602
0.31355 ; -0.384275
0.31296 ; -0.385272
0.313529 ; -0.3854
0.314516 ; -0.385757
0.315636 ; -0.385911
0.316441 ; -0.386127
0.317635 ; -0.386265
0.31867 ; -0.386853
0.319282 ; -0.387595
0.318607 ; -0.389694
0.318427 ; -0.391221
0.318454 ; -0.392343
0.318926 ; -0.392779
0.319192 ; -0.393102
0.319607 ; -0.393239
0.319855 ; -0.393502
0.319963 ; -0.394099
0.319376 ; -0.395315
0.31891 ; -0.396778
0.31825 ; -0.398213
0.317283 ; -0.399964
0.316867 ; -0.401288
0.316905 ; -0.402096
0.316707 ; -0.403522
0.316662 ; -0.404114
0.317265 ; -0.404603
0.318 ; -0.404703
0.318142 ; -0.405315
0.318058 ; -0.406299
0.318699 ; -0.406471
0.319374 ; -0.406436
0.319254 ; -0.407359
0.319991 ; -0.407764
0.319993 ; -0.408397
0.320972 ; -0.408941
0.319937 ; -0.411096
0.320054 ; -0.411664
0.319253 ; -0.413936
0.319328 ; -0.414991
0.318629 ; -0.41771
0.318654 ; -0.418884
0.319162 ; -0.420243
0.319899 ; -0.421035
0.319267 ; -0.423131
0.320371 ; -0.423582
0.320995 ; -0.42416
0.321736 ; -0.425153
0.321647 ; -0.426279
0.322678 ; -0.426651
0.323338 ; -0.426977
0.324008 ; -0.427056
0.323979 ; -0.42806
0.323041 ; -0.430257
0.321702 ; -0.433004
0.320915 ; -0.434801
0.320324 ; -0.436746
0.320263 ; -0.437895
0.320472 ; -0.438946
0.320412 ; -0.439993
0.319629 ; -0.441537
0.319482 ; -0.442096
0.318446 ; -0.443495
0.318338 ; -0.443885
0.318319 ; -0.444456
0.318339 ; -0.444922
0.318151 ; -0.445355
0.319022 ; -0.445238
0.318754 ; -0.445903
0.318397 ; -0.446774
0.319025 ; -0.446607
0.319834 ; -0.446335
0.320367 ; -0.446424
0.319878 ; -0.447411
0.320247 ; -0.44743
0.31856 ; -0.449413
0.318466 ; -0.449847
0.317092 ; -0.451418
0.316769 ; -0.451918
0.314803 ; -0.454007
0.313026 ; -0.455795
0.310355 ; -0.458383
0.308275 ; -0.460358
0.306071 ; -0.462149
0.304161 ; -0.463676
0.304161 ; -0.463676
0.302329 ; -0.465054
0.300731 ; -0.46608
0.300397 ; -0.466156
0.299485 ; -0.466461
0.298193 ; -0.466774
0.298054 ; -0.466553
0.297265 ; -0.466351
0.29598 ; -0.466743
0.295692 ; -0.466681
0.294911 ; -0.467079
0.29462 ; -0.467291
0.294713 ; -0.467279
0.293834 ; -0.467987
0.294366 ; -0.467764
0.293538 ; -0.468578
0.293253 ; -0.469244
0.292411 ; -0.470493
0.29225 ; -0.471333
0.292728 ; -0.471634
0.292814 ; -0.472048
0.29222 ; -0.472742
0.292339 ; -0.472929
0.291454 ; -0.473442
0.290772 ; -0.473648
0.291899 ; -0.472532
0.292923 ; -0.471529
0.292259 ; -0.471615
0.291606 ; -0.471722
0.291958 ; -0.471439
0.29215 ; -0.471443
0.291404 ; -0.4722
0.290337 ; -0.47327
0.290312 ; -0.473536
0.291043 ; -0.473125
0.291549 ; -0.47262
0.291637 ; -0.47234
0.291409 ; -0.471641
0.291856 ; -0.470837
0.292381 ; -0.469765
0.291569 ; -0.469772
0.291396 ; -0.469192
0.291226 ; -0.468821
